// These are corrected data
( 	-180	0	0           )
( 	-175	0.1736	0.0099  )
( 	-170	0.342	0.0392  )
( 	-165	0.5	0.0871      )
( 	-160	0.6428	0.1521  )
( 	-155	0.766	0.2322  )
( 	-150	0.866	0.325   )
( 	-145	0.9397	0.4277  )
( 	-140	0.9848	0.5371  )
( 	-135	1	0.65        )
( 	-130	0.9848	0.7629  )
( 	-125	0.9397	0.8723  )
( 	-120	0.866	0.975   )
( 	-115	0.766	1.0678  )
( 	-110	0.6428	1.1479  )
( 	-105	0.5	1.2129      )
( 	-100	0.342	1.2608  )
( 	-95	0.1736	1.2901      )
( 	-90	0	1.3             )
( 	-85	-0.1736	1.2901      )
( 	-80	-0.342	1.2608      )
( 	-75	-0.5	1.2129      )
( 	-70	-0.6428	1.1479      )
( 	-65	-0.766	1.0678      )
( 	-60	-0.866	0.975       )
( 	-55	-0.9397	0.8723      )
( 	-50	-0.9848	0.7629      )
( 	-45	-1	0.65            )
( 	-40	-0.9516	0.5282      )
( 	-39	-0.9039	0.5026      )
( 	-38	-0.8262	0.4671      )
( 	-37	-0.7185	0.4345      )
( 	-36	-0.6208	0.3989      )
( 	-35	-0.5231	0.3634      )
( 	-34	-0.4454	0.3278      )
( 	-33	-0.3477	0.3013      )
( 	-32	-0.2571	0.2729      )
( 	-30	-0.1574	0.2332      )
( 	-28	-0.0776	0.2034      )
( 	-26	0.0115	0.1858      )
( 	-24	0.1007	0.1681      )
( 	-22	0.1962	0.1526      )
( 	-20	0.2918	0.137       )
( 	-18	0.3932	0.124       )
( 	-16	0.4947	0.1109      )
( 	-14	0.6004	0.1009      )
( 	-12	0.7061	0.0908      )
( 	-10	0.788	0.0836      )
( 	-8	0.87	0.0765      )
( 	-6	0.8358	0.0748      )
( 	-4	0.8162	0.07311     )
( 	-2	0.6603	0.07553     )
( 	0	0.5199	0.07795     )
( 	2	0.2636	0.07795     )
( 	4	-0.0906	0.07082     )
( 	6	0.1656	0.07483     )
( 	8	0.4475	0.08587     )
( 	10	0.7071	0.0999      )
( 	12	0.954	0.11148     )
( 	14	1.1891	0.12072     )
( 	16	1.4183	0.13678     )
( 	18	1.6392	0.14998     )
( 	20	1.8216	0.16894     )
( 	22	1.9837	0.20657     )
( 	24	2.0985	0.30919     )
( 	26	2.1904	0.4344      )
( 	28	2.2541	0.5512      )
( 	30	2.2731	0.6732      )
( 	32	2.274	0.7756      )
( 	33	2.278	0.8209      )
( 	34	2.2658	0.8551      )
( 	35	2.2408	0.8862      )
( 	36	2.2331	0.9141      )
( 	37	2.2134	0.939       )
( 	38	2.182	0.9709      )
( 	39	2.1391	0.9996      )
( 	40	2.0951	1.0254      )
( 	45	1.837	1.1419      )
( 	50	1.5156	1.1615      )
( 	55	1.2008	1.1657      )
( 	60	0.966	1.175       )
( 	65	0.766	1.1778      )
( 	70	0.6428	1.1979      )
( 	75	0.5	1.2129          )
( 	80	0.342	1.2608      )
( 	85	0.1736	1.2901      )
( 	90	0	1.3             )
( 	95	-0.1736	1.2901      )
( 	100	-0.342	1.2608      )
( 	105	-0.5	1.2129      )
( 	110	-0.6428	1.1479      )
( 	115	-0.766	1.0678      )
( 	120	-0.866	0.975       )
( 	125	-0.9397	0.8723      )
( 	130	-0.9848	0.7629      )
( 	135	-1	0.65            )
( 	140	-0.9848	0.5371      )
( 	145	-0.9397	0.4277      )
( 	150	-0.866	0.325       )
( 	155	-0.766	0.2322      )
( 	160	-0.6428	0.1521      )
( 	165	-0.5	0.0871      )
( 	170	-0.342	0.0392      )
( 	175	-0.1736	0.0099      )
( 	180	0	0               )
