// These are corrected data
( -180	0	0           )
( -175	0.1736	0.0099  )
( -170	0.342	0.0392  )
( -165	0.5	0.0871      )
( -160	0.6428	0.1521  )
( -155	0.766	0.2322  )
( -150	0.866	0.325   )
( -145	0.9397	0.4277  )
( -140	0.9848	0.5371  )
( -135	1	0.65        )
( -130	0.9848	0.7629  )
( -125	0.9397	0.8723  )
( -120	0.866	0.975   )
( -115	0.766	1.0678  )
( -110	0.6428	1.1479  )
( -105	0.5	1.2129      )
( -100	0.342	1.2608  )
( -95	0.1736	1.2901  )
( -90	0	1.3         )
( -85	-0.1736	1.2901  )
( -80	-0.342	1.2608  )
( -75	-0.5	1.2129  )
( -70	-0.6428	1.1479  )
( -65	-0.766	1.0678  )
( -60	-0.866	0.975   )
( -55	-0.9397	0.8723  )
( -50	-0.9848	0.7629  )
( -45	-1	0.65        )
( -40	-0.9716	0.5352  )
( -39	-0.9639	0.5136  )
( -38	-0.9462	0.4851  )
( -37	-0.9285	0.4635  )
( -36	-0.9108	0.4349  )
( -35	-0.8931	0.4064  )
( -34	-0.8854	0.3778  )
( -33	-0.8677	0.3523  )
( -32	-0.8564	0.3315  )
( -30	-0.8378	0.2777  )
( -28	-0.8191	0.2338  )
( -26	-0.7924	0.2045  )
( -24	-0.7756	0.1751  )
( -22	-0.7441	0.1513  )
( -20	-0.7126	0.1274  )
( -18	-0.6678	0.1085  )
( -16	-0.6231	0.0896  )
( -14	-0.5742	0.0748  )
( -12	-0.5252	0.06    )
( -10	-0.4827	0.0485  )
( -8	-0.4402	0.037   )
( -6	-0.2983	0.0294  )
( -4	-0.1564	0.0219  )
( -2	0.1744	0.0203  )
( 0	0.5053	0.0187      )
( 2	0.8241	0.0188      )
( 4	1.1209	0.0196      )
( 6	1.3897	0.0213      )
( 8	1.6254	0.024       )
( 10	1.8109	0.0279  )
( 12	1.8589	0.0365  )
( 14	1.8159	0.076   )
( 16	1.7786	0.1165  )
( 18	1.756	0.1571  )
( 20	1.763	0.2063  )
( 22	1.8002	0.3057  )
( 24	1.8495	0.4153  )
( 26	1.8775	0.5163  )
( 28	1.8828	0.6069  )
( 30	1.8689	0.6892  )
( 32	1.8439	0.7625  )
( 33	1.8349	0.7954  )
( 34	1.8297	0.8232  )
( 35	1.8136	0.8446  )
( 36	1.7854	0.8684  )
( 37	1.7669	0.8912  )
( 38	1.7269	0.9066  )
( 39	1.6864	0.9255  )
( 40	1.6458	0.9385  )
( 45	1.4473	1.029   )
( 50	1.1356	1.0715  )
( 55	0.9808	1.0857  )
( 60	0.866	1.1     )
( 65	0.766	1.1278  )
( 70	0.6428	1.1629  )
( 75	0.5	1.2129      )
( 80	0.342	1.2608  )
( 85	0.1736	1.2901  )
( 90	0	1.3         )
( 95	-0.1736	1.2901  )
( 100	-0.342	1.2608  )
( 105	-0.5	1.2129  )
( 110	-0.6428	1.1479  )
( 115	-0.766	1.0678  )
( 120	-0.866	0.975   )
( 125	-0.9397	0.8723  )
( 130	-0.9848	0.7629  )
( 135	-1	0.65        )
( 140	-0.9848	0.5371  )
( 145	-0.9397	0.4277  )
( 150	-0.866	0.325   )
( 155	-0.766	0.2322  )
( 160	-0.6428	0.1521  )
( 165	-0.5	0.0871  )
( 170	-0.342	0.0392  )
( 175	-0.1736	0.0099  )
( 180	0	0           )
