// These are corrected data
( -180	0	0            )
( -175	0.1736	0.0099   )
( -170	0.342	0.0392   )
( -165	0.5	0.0871       )
( -160	0.6428	0.1521   )
( -155	0.766	0.2322   )
( -150	0.866	0.325    )
( -145	0.9397	0.4277   )
( -140	0.9848	0.5371   )
( -135	1	0.65         )
( -130	0.9848	0.7629   )
( -125	0.9397	0.8723   )
( -120	0.866	0.975    )
( -115	0.766	1.0678   )
( -110	0.6428	1.1479   )
( -105	0.5	1.2129       )
( -100	0.342	1.2608   )
( -95	0.1736	1.2901   )
( -90	0	1.3          )
( -85	-0.1736	1.2901   )
( -80	-0.342	1.2608   )
( -75	-0.5	1.2129   )
( -70	-0.6428	1.1479   )
( -65	-0.766	1.0678   )
( -60	-0.866	0.975    )
( -55	-0.9397	0.8723   )
( -50	-0.9848	0.7629   )
( -45	-1	0.65         )
( -40	-0.9816	0.5352   )
( -39	-0.9539	0.5136   )
( -38	-0.9262	0.4851   )
( -37	-0.8885	0.4565   )
( -36	-0.8508	0.4279   )
( -35	-0.8231	0.3924   )
( -34	-0.7854	0.3638   )
( -33	-0.7477	0.3383   )
( -32	-0.7011	0.3123   )
( -30	-0.6208	0.2663   )
( -28	-0.5406	0.2402   )
( -26	-0.4694	0.2169   )
( -24	-0.3881	0.1936   )
( -22	-0.3161	0.1732   )
( -20	-0.2442	0.1529   )
( -18	-0.1641	0.1355   )
( -16	-0.0841	0.118    )
( -14	0.0021	0.1035   )
( -12	0.0883	0.089    )
( -10	0.1722	0.0773   )
( -8	0.2561	0.0656   )
( -6	0.3179	0.0563   )
( -4	0.3798	0.047    )
( -2	0.3573	0.0405   )
( 0	0.3348	0.0341       )
( 2	0.5652	0.0316       )
( 4	0.8769	0.0343       )
( 6	1.0425	0.0451       )
( 8	0.9487	0.07         )
( 10	0.9088	0.0886   )
( 12	0.9761	0.0993   )
( 14	1.113	0.107    )
( 16	1.3065	0.1163   )
( 18	1.5414	0.1317   )
( 20	1.8049	0.157    )
( 22	2.002	0.2757   )
( 24	2.1216	0.4224   )
( 26	2.1916	0.561    )
( 28	2.2291	0.6861   )
( 30	2.2322	0.7958   )
( 32	2.2188	0.8915   )
( 33	2.2092	0.9229   )
( 34	2.1927	0.9472   )
( 35	2.1625	0.9664   )
( 36	2.1313	0.9889   )
( 37	2.0878	1.0073   )
( 38	2.0435	1.0284   )
( 39	1.9984	1.0521   )
( 40	1.9418	1.0769   )
( 45	1.6775	1.1697   )
( 50	1.2856	1.1965   )
( 55	1.0308	1.1957   )
( 60	0.866	1.19     )
( 65	0.766	1.1928   )
( 70	0.6428	1.2029   )
( 75	0.5	1.2129       )
( 80	0.342	1.2608   )
( 85	0.1736	1.2901   )
( 90	0	1.3          )
( 95	-0.1736	1.2901   )
( 100	-0.342	1.2608   )
( 105	-0.5	1.2129   )
( 110	-0.6428	1.1479   )
( 115	-0.766	1.0678   )
( 120	-0.866	0.975    )
( 125	-0.9397	0.8723   )
( 130	-0.9848	0.7629   )
( 135	-1	0.65         )
( 140	-0.9848	0.5371   )
( 145	-0.9397	0.4277   )
( 150	-0.866	0.325    )
( 155	-0.766	0.2322   )
( 160	-0.6428	0.1521   )
( 165	-0.5	0.0871   )
( 170	-0.342	0.0392   )
( 175	-0.1736	0.0099   )
( 180	0	0            )
