// These are corrected data
(	-180	0	0             )
(	-175	0.1736	0.0099    )
(	-170	0.342	0.0392    )
(	-165	0.5	0.0871        )
(	-160	0.6428	0.1521    )
(	-155	0.766	0.2322    )
(	-150	0.866	0.325     )
(	-145	0.9397	0.4277    )
(	-140	0.9848	0.5371    )
(	-135	1	0.65          )
(	-130	0.9848	0.7629    )
(	-125	0.9397	0.8723    )
(	-120	0.866	0.975     )
(	-115	0.766	1.0678    )
(	-110	0.6428	1.1479    )
(	-105	0.5	1.2129        )
(	-100	0.342	1.2608    )
(	-95	0.1736	1.2901        )
(	-90	0	1.3               )
(	-85	-0.1736	1.2901        )
(	-80	-0.342	1.2608        )
(	-75	-0.5	1.2129        )
(	-70	-0.6428	1.1479        )
(	-65	-0.766	1.0678        )
(	-60	-0.866	0.975         )
(	-55	-0.9397	0.8723        )
(	-50	-0.9848	0.7629        )
(	-45	-1	0.65              )
(	-40	-1.0216	0.5352        )
(	-39	-1.0239	0.5066        )
(	-38	-1.0162	0.4851        )
(	-37	-1.0185	0.4565        )
(	-36	-1.0108	0.4279        )
(	-35	-1.0031	0.3994        )
(	-34	-0.9954	0.3708        )
(	-33	-0.9877	0.3353        )
(	-32	-0.9835	0.3097        )
(	-30	-0.9703	0.2663        )
(	-28	-0.9672	0.2229        )
(	-26	-0.9441	0.1941        )
(	-24	-0.931	0.1654        )
(	-22	-0.9047	0.1417        )
(	-20	-0.8784	0.1181        )
(	-18	-0.8459	0.0986        )
(	-16	-0.8134	0.0792        )
(	-14	-0.7728	0.0643        )
(	-12	-0.7322	0.0495        )
(	-10	-0.6935	0.0381        )
(	-8	-0.6547	0.0267        )
(	-6	-0.4507	0.0204        )
(	-4	-0.2467	0.014         )
(	-2	0.0295	0.0129        )
(	0	0.3056	0.0118        )
(	2	0.567	0.0119        )
(	4	0.8199	0.0125        )
(	6	1.0614	0.0136        )
(	8	1.2874	0.0152        )
(	10	1.484	0.018         )
(	12	1.6388	0.0224        )
(	14	1.7327	0.0303        )
(	16	1.7142	0.0539        )
(	18	1.6828	0.0954        )
(	20	1.6567	0.1435        )
(	22	1.6444	0.228         )
(	24	1.6329	0.3148        )
(	26	1.6333	0.3926        )
(	28	1.6175	0.4623        )
(	30	1.5975	0.5266        )
(	32	1.5708	0.5855        )
(	33	1.5758	0.6215        )
(	34	1.5571	0.6562        )
(	35	1.5475	0.6897        )
(	36	1.5268	0.7148        )
(	37	1.5259	0.7464        )
(	38	1.5139	0.7762        )
(	39	1.4918	0.7982        )
(	40	1.4596	0.8197        )
(	45	1.2951	0.9122        )
(	50	1.1256	0.9665        )
(	55	0.9808	0.9957        )
(	60	0.866	1.035         )
(	65	0.766	1.0828        )
(	70	0.6428	1.1479        )
(	75	0.5	1.2129            )
(	80	0.342	1.2608        )
(	85	0.1736	1.2901        )
(	90	0	1.3               )
(	95	-0.1736	1.2901        )
(	100	-0.342	1.2608        )
(	105	-0.5	1.2129        )
(	110	-0.6428	1.1479        )
(	115	-0.766	1.0678        )
(	120	-0.866	0.975         )
(	125	-0.9397	0.8723        )
(	130	-0.9848	0.7629        )
(	135	-1	0.65              )
(	140	-0.9848	0.5371        )
(	145	-0.9397	0.4277        )
(	150	-0.866	0.325         )
(	155	-0.766	0.2322        )
(	160	-0.6428	0.1521        )
(	165	-0.5	0.0871        )
(	170	-0.342	0.0392        )
(	175	-0.1736	0.0099        )
(	180	0	0                 )
