// These are corrected data
(	-180	0	0             )
(	-175	0.1736	0.01142   )
(	-170	0.342	0.04523   )
(	-165	0.5	0.1005        )
(	-160	0.6428	0.1755    )
(	-155	0.766	0.26792   )
(	-150	0.866	0.375     )
(	-145	0.9397	0.4935    )
(	-140	0.9848	0.61973   )
(	-135	1	0.75          )
(	-130	0.9848	0.88027   )
(	-125	0.9397	1.0065    )
(	-120	0.866	1.125     )
(	-115	0.766	1.23208   )
(	-110	0.6428	1.3245    )
(	-105	0.5	1.3995        )
(	-100	0.342	1.45477   )
(	-95	0.1736	1.48858       )
(	-90	0	1.5               )
(	-85	-0.1736	1.48858       )
(	-80	-0.342	1.45477       )
(	-75	-0.5	1.3995        )
(	-70	-0.6428	1.3245        )
(	-65	-0.766	1.23208       )
(	-60	-0.866	1.125         )
(	-55	-0.9397	1.0065        )
(	-50	-0.9848	0.88027       )
(	-45	-1	0.75              )
(	-40	-1.0316	0.60946       )
(	-39	-1.0439	0.58454       )
(	-38	-1.0462	0.55165       )
(	-37	-1.0485	0.52673       )
(	-36	-1.0508	0.49373       )
(	-35	-1.0531	0.46085       )
(	-34	-1.0554	0.42785       )
(	-33	-1.0677	0.38688       )
(	-32	-1.0726	0.3347        )
(	-30	-1.0917	0.2862        )
(	-28	-1.1008	0.2277        )
(	-26	-1.1101	0.175         )
(	-24	-1.1294	0.1423        )
(	-22	-1.1233	0.1183        )
(	-20	-1.1171	0.0944        )
(	-18	-1.087	0.0772        )
(	-16	-1.0569	0.0601        )
(	-14	-1.0238	0.0468        )
(	-12	-0.9908	0.0335        )
(	-10	-0.8594	0.0242        )
(	-8	-0.7279	0.015         )
(	-6	-0.469	0.0126        )
(	-4	-0.2101	0.0103        )
(	-2	0.0428	0.0099        )
(	0	0.2956	0.0096        )
(	2	0.5435	0.0098        )
(	4	0.7867	0.0103        )
(	6	1.0228	0.0112        )
(	8	1.2474	0.0126        )
(	10	1.4575	0.0146        )
(	12	1.6422	0.0175        )
(	14	1.7824	0.0227        )
(	16	1.8167	0.0357        )
(	18	1.7763	0.0649        )
(	20	1.6608	0.1015        )
(	22	1.5659	0.1411        )
(	24	1.4786	0.1809        )
(	26	1.4098	0.2355        )
(	28	1.3403	0.2998        )
(	30	1.2959	0.364         )
(	32	1.2412	0.438         )
(	33	1.2108	0.47515       )
(	34	1.1825	0.50827       )
(	35	1.164	0.54104       )
(	36	1.1352	0.57369       )
(	37	1.1165	0.59804       )
(	38	1.0977	0.63046       )
(	39	1.0788	0.65446       )
(	40	1.0597	0.67846       )
(	45	1.0043	0.79604       )
(	50	0.9756	0.89596       )
(	55	0.9208	1.01042       )
(	60	0.866	1.125         )
(	65	0.766	1.23208       )
(	70	0.6428	1.3245        )
(	75	0.5	1.3995            )
(	80	0.342	1.45477       )
(	85	0.1736	1.48858       )
(	90	0	1.5               )
(	95	-0.1736	1.48858       )
(	100	-0.342	1.45477       )
(	105	-0.5	1.3995        )
(	110	-0.6428	1.3245        )
(	115	-0.766	1.23208       )
(	120	-0.866	1.125         )
(	125	-0.9397	1.0065        )
(	130	-0.9848	0.88027       )
(	135	-1	0.75              )
(	140	-0.9848	0.61973       )
(	145	-0.9397	0.4935        )
(	150	-0.866	0.375         )
(	155	-0.766	0.26792       )
(	160	-0.6428	0.1755        )
(	165	-0.5	0.1005        )
(	170	-0.342	0.04523       )
(	175	-0.1736	0.01142       )
(	180	0	0                 )
